91,18
91,17
72,15
72,14
72,13
72,12
72,11
72,10
72,9
91,16
91,15
91,14
91,13
97,4
97,3
97,2
97,1
97,0
74,11
74,10
74,9
74,8
73,5
73,4
96,3
96,2
96,1
96,0
95,3
95,2
95,1
95,0
94,6
94,5
94,4
94,3
94,2
94,1
94,0
93,9
93,8
93,7
93,6
93,5
93,4
93,3
93,2
93,1
93,0
92,8
92,7
92,6
92,5
92,4
92,3
92,2
92,1
92,0
2,17
2,16
91,12
91,11
91,10
91,9
91,8
91,7
91,6
91,5
91,4
91,3
91,2
91,1
91,0
90,4
90,3
90,2
90,1
90,0
89,5
89,4
89,3
89,2
89,1
89,0
88,8
88,7
88,6
88,5
88,4
88,3
88,2
88,1
88,0
87,6
87,5
87,4
87,3
87,2
87,1
87,0
86,3
86,2
86,1
86,0
85,3
85,2
85,1
85,0
84,3
84,2
84,1
84,0
83,5
83,4
83,3
83,2
83,1
83,0
82,5
82,4
82,3
82,2
82,1
82,0
81,7
81,6
81,5
81,4
81,3
81,2
81,1
81,0
2,15
2,14
80,4
80,3
80,2
80,1
80,0
2,13
2,12
79,7
79,6
79,5
79,4
79,3
79,2
79,1
79,0
78,3
78,2
78,1
78,0
77,4
77,3
77,2
77,1
77,0
76,6
76,5
76,4
76,3
76,2
76,1
76,0
75,8
75,7
75,6
75,5
75,4
75,3
75,2
75,1
75,0
74,7
74,6
74,5
74,4
74,3
74,2
74,1
74,0
73,3
73,2
73,1
73,0
72,8
72,7
72,6
72,5
72,4
72,3
72,2
72,1
72,0
71,4
71,3
71,2
71,1
71,0
70,5
70,4
70,3
70,2
70,1
70,0
2,11
69,4
69,3
69,2
69,1
69,0
68,3
68,2
68,1
68,0
67,3
67,2
67,1
67,0
66,3
66,2
66,1
66,0
65,3
65,2
65,1
65,0
64,3
64,2
64,1
64,0
63,3
63,2
63,1
63,0
57,22
57,21
57,20
57,19
57,18
57,17
57,16
57,15
57,14
57,13
57,12
57,11
57,10
57,9
57,8
57,7
57,6
57,5
57,4
62,3
62,2
62,1
62,0
61,3
61,2
61,1
61,0
60,3
60,2
60,1
60,0
59,3
59,2
59,1
59,0
58,3
58,2
58,1
58,0
57,3
57,2
57,1
57,0
2,10
56,5
56,4
56,3
56,2
56,1
56,0
55,4
55,3
55,2
55,1
55,0
54,8
54,7
54,6
54,5
54,4
54,3
54,2
54,1
54,0
53,3
53,2
53,1
53,0
52,6
52,5
52,4
52,3
52,2
52,1
52,0
51,4
51,3
51,2
51,1
51,0
50,7
50,6
50,5
50,4
50,3
50,2
50,1
50,0
49,7
49,6
49,5
49,4
49,3
49,2
49,1
49,0
48,3
48,2
48,1
48,0
47,6
47,5
47,4
47,3
47,2
47,1
47,0
46,5
46,4
46,3
46,2
46,1
46,0
45,3
45,2
45,1
45,0
44,3
44,2
44,1
44,0
43,4
43,3
43,2
43,1
43,0
42,7
42,6
42,5
42,4
42,3
42,2
42,1
42,0
41,5
41,4
41,3
41,2
41,1
41,0
40,3
40,2
40,1
40,0
39,3
39,2
39,1
39,0
2,9
38,5
38,4
38,3
38,2
38,1
38,0
37,4
37,3
37,2
37,1
37,0
2,8
36,6
36,5
36,4
36,3
36,2
36,1
36,0
35,7
35,6
35,5
35,4
35,3
35,2
35,1
35,0
34,3
34,2
34,1
34,0
33,6
33,5
33,4
33,3
33,2
33,1
33,0
32,3
32,2
32,1
32,0
31,6
31,5
31,4
31,3
31,2
31,1
31,0
30,9
30,8
30,7
30,6
30,5
30,4
30,3
30,2
30,1
30,0
29,5
29,4
29,3
29,2
29,1
29,0
2,7
28,9
28,8
28,7
28,6
28,5
28,4
28,3
28,2
28,1
28,0
27,9
27,8
27,7
27,6
27,5
27,4
27,3
27,2
27,1
27,0
2,6
26,9
26,8
26,7
26,6
26,5
26,4
26,3
26,2
26,1
26,0
25,9
25,8
25,7
25,6
25,5
25,4
25,3
25,2
25,1
25,0
24,3
24,2
24,1
24,0
23,3
23,2
23,1
23,0
22,7
22,6
22,5
22,4
22,3
22,2
22,1
22,0
21,5
21,4
21,3
21,2
21,1
21,0
2,5
2,4
20,8
20,7
20,6
20,5
20,4
20,3
20,2
20,1
20,0
19,9
19,8
19,7
19,6
19,5
19,4
19,3
19,2
19,1
19,0
18,8
18,7
18,6
18,5
18,4
18,3
18,2
18,1
18,0
17,9
17,8
17,7
17,6
17,5
17,4
17,3
17,2
17,1
17,0
16,8
16,7
16,6
16,5
16,4
16,3
16,2
16,1
16,0
15,8
15,7
15,6
15,5
15,4
15,3
15,2
15,1
15,0
4,3
4,2
4,1
4,0
3,6
3,5
3,4
3,3
3,2
3,1
3,0
2,2
1,2
0,446
0,408
0,379
0,371
0,359
0,351
0,349
0,347
0,343
0,336
0,329
0,323
0,322
0,321
0,243
1,1
1,3
1,0
2,1
2,3
2,0
0,9
0,310
0,305
0,308
0,304
0,303
0,302
0,307
0,12
0,10
0,8
0,0
0,372
0,300
0,430
0,299
0,413
0,298
0,366
0,297
0,376
0,296
0,391
0,295
0,447
0,294
0,420
0,293
0,367
0,292
0,428
0,291
0,422
0,290
0,362
0,289
0,365
0,288
0,406
0,287
0,445
0,286
0,414
0,285
0,410
0,284
0,427
0,283
0,395
0,282
0,361
0,281
0,364
0,280
0,432
0,279
0,444
0,278
0,388
0,277
0,353
0,276
0,394
0,275
0,442
0,274
0,431
0,273
0,386
0,272
0,426
0,271
0,350
0,270
0,381
0,269
0,342
0,268
0,404
0,267
0,437
0,266
0,380
0,265
0,412
0,264
0,417
0,263
0,392
0,262
0,369
0,261
0,411
0,260
0,402
0,259
0,258
0,363
0,257
0,335
0,256
0,398
0,255
0,319
0,254
0,385
0,253
0,424
0,252
0,389
0,251
0,330
0,250
0,358
0,249
0,399
0,248
0,316
0,247
0,377
0,246
0,352
0,245
0,326
0,244
0,409
0,242
0,241
0,341
0,240
0,318
0,239
0,357
0,238
0,317
0,237
0,346
0,236
0,390
0,235
0,416
0,234
0,315
0,233
0,340
0,232
0,387
0,231
0,356
0,230
0,419
0,229
0,423
0,228
0,355
0,227
0,312
0,226
0,441
0,225
0,348
0,224
0,332
0,223
0,311
0,222
0,314
0,221
0,421
0,220
0,338
0,219
0,433
0,218
0,397
0,217
0,345
0,216
0,368
0,215
0,309
0,214
0,344
0,213
0,418
0,212
0,383
0,211
0,339
0,210
0,396
0,209
0,360
0,208
0,382
0,207
0,425
0,206
0,436
0,205
0,337
0,204
0,328
0,203
0,400
0,202
0,407
0,201
0,405
0,200
0,378
0,199
0,403
0,198
0,313
0,197
0,324
0,196
0,439
0,195
0,438
0,194
0,384
0,193
0,434
0,192
0,325
0,63
0,393
0,62
0,320
0,61
0,354
0,60
0,375
0,59
0,334
0,58
0,306
0,57
0,333
0,56
0,443
0,55
0,440
0,54
0,435
0,53
0,370
0,52
0,374
0,51
0,415
0,50
0,301
0,49
0,331
0,48
0,373
0,47
0,401
0,46
0,327
0,45
0,429
0,6
0,5
0,1
0,11
0,4
0,2
0,3
0,7
